[superMC]
which_mc_model = 1
sub_model = 7
finalFactor = 7.465440511033975
lambda = 0.124975912632466

[VISHNew]
T0 = 0.580909726009270
ViscousC = 0.031674466263318
VisBeta = 0.452441609668874

