[superMC]
which_mc_model = 1
sub_model = 7
finalFactor = 12.644202945692250
lambda = 0.285035718301783

[VISHNew]
T0 = 0.849819693889106
ViscousC = 0.167364676230625
VisBeta = 0.678449221181818

