[superMC]
which_mc_model = 1
sub_model = 7
finalFactor = 10.881399197635000
lambda = 0.104751736588911

[VISHNew]
T0 = 0.668235751422084
ViscousC = 0.250386072345048
VisBeta = 1.025085892030410

