[superMC]
which_mc_model = 1
sub_model = 7
finalFactor = 6.758898911644100
lambda = 0.140947890351258

[VISHNew]
T0 = 0.917388293347347
ViscousC = 0.187407478684571
VisBeta = 0.299761816475355

