[superMC]
which_mc_model = 1
sub_model = 7
finalFactor = 12.163209996532149
lambda = 0.172272889715158

[VISHNew]
T0 = 0.489234006194595
ViscousC = 0.152900651032363
VisBeta = 0.991841250005147

