[superMC]
which_mc_model = 1
sub_model = 7
finalFactor = 5.398512703278025
lambda = 0.267710517331702

[VISHNew]
T0 = 0.210980193693807
ViscousC = 0.231152845944136
VisBeta = 0.447395804338111

