[superMC]
which_mc_model = 1
sub_model = 7
finalFactor = 12.902398978268375
lambda = 0.244873613479282

[VISHNew]
T0 = 0.559605786027062
ViscousC = 0.178227957089031
VisBeta = 0.931509180906511

