[superMC]
which_mc_model = 1
sub_model = 7
finalFactor = 7.445161666228450
lambda = 0.144392180497844

[VISHNew]
T0 = 0.351755220033586
ViscousC = 0.080378509220017
VisBeta = 0.510348800792551

