[superMC]
which_mc_model = 1
sub_model = 7
finalFactor = 9.626698519293150
lambda = 0.240332236216262

[VISHNew]
T0 = 0.768694687056758
ViscousC = 0.064925802065565
VisBeta = 0.903877919956439

