[superMC]
which_mc_model = 1
sub_model = 7
finalFactor = 6.301028530912450
lambda = 0.208921786171014

[VISHNew]
T0 = 0.290734363595388
ViscousC = 0.144425365796079
VisBeta = 0.720734875861661

