[superMC]
which_mc_model = 1
sub_model = 7
finalFactor = 9.682490673750925
lambda = 0.134286952844439

[VISHNew]
T0 = 0.729761567449724
ViscousC = 0.238025830203287
VisBeta = 0.677111594942416

