[superMC]
which_mc_model = 1
sub_model = 7
finalFactor = 13.129188765211900
lambda = 0.290778399691508

[VISHNew]
T0 = 0.493238793928127
ViscousC = 0.037748015631111
VisBeta = 0.662846973927982

