[superMC]
which_mc_model = 1
sub_model = 7
finalFactor = 12.538943947152401
lambda = 0.120219546424278

[VISHNew]
T0 = 0.438872945998404
ViscousC = 0.120970077443498
VisBeta = 0.495753900284651

