[superMC]
which_mc_model = 1
sub_model = 7
finalFactor = 13.398956560612424
lambda = 0.195821100881252

[VISHNew]
T0 = 0.716546773607315
ViscousC = 0.034837629651169
VisBeta = 0.604023499853556

