[superMC]
which_mc_model = 1
sub_model = 7
finalFactor = 14.433677790046501
lambda = 0.204105793113876

[VISHNew]
T0 = 0.274363396207818
ViscousC = 0.175535048976727
VisBeta = 0.792097128278455

