[superMC]
which_mc_model = 1
sub_model = 7
finalFactor = 7.522331442893950
lambda = 0.186113795623927

[VISHNew]
T0 = 0.407786991976731
ViscousC = 0.141467444425042
VisBeta = 0.362627219088973

