[superMC]
which_mc_model = 1
sub_model = 7
finalFactor = 12.152581889472774
lambda = 0.117862073940065

[VISHNew]
T0 = 0.675459577576012
ViscousC = 0.115601528066938
VisBeta = 0.783018247952736

