[superMC]
which_mc_model = 1
sub_model = 7
finalFactor = 10.966731962797651
lambda = 0.215917957735178

[VISHNew]
T0 = 0.361186527123509
ViscousC = 0.203094662547022
VisBeta = 0.773347412703254

