[superMC]
which_mc_model = 1
sub_model = 7
finalFactor = 5.165146784334475
lambda = 0.292911960806642

[VISHNew]
T0 = 0.946213143783404
ViscousC = 0.109053670109980
VisBeta = 0.671216850735255

