[superMC]
which_mc_model = 1
sub_model = 7
finalFactor = 12.943503472631825
lambda = 0.153578313661899

[VISHNew]
T0 = 0.301101300370310
ViscousC = 0.043670228814606
VisBeta = 0.542059258683348

