[superMC]
which_mc_model = 1
sub_model = 7
finalFactor = 14.641927002013400
lambda = 0.150772554051331

[VISHNew]
T0 = 0.820397393463731
ViscousC = 0.292803744826558
VisBeta = 0.592097341613161

