[superMC]
which_mc_model = 1
sub_model = 7
finalFactor = 12.572922856097525
lambda = 0.107056044772934

[VISHNew]
T0 = 0.268227952226105
ViscousC = 0.077369503641435
VisBeta = 0.726619089929099

