[superMC]
which_mc_model = 1
sub_model = 7
finalFactor = 13.678622675694376
lambda = 0.121508007285778

[VISHNew]
T0 = 0.444630522614097
ViscousC = 0.045735857423538
VisBeta = 0.950266065516625

