[superMC]
which_mc_model = 1
sub_model = 7
finalFactor = 14.034944993656900
lambda = 0.236656438457311

[VISHNew]
T0 = 0.336371211410881
ViscousC = 0.272346554184217
VisBeta = 1.077678416712990

