[superMC]
which_mc_model = 1
sub_model = 7
finalFactor = 8.822232135736074
lambda = 0.157615435979893

[VISHNew]
T0 = 0.475179345710784
ViscousC = 0.106328876708886
VisBeta = 0.875221118775853

