[superMC]
which_mc_model = 1
sub_model = 7
finalFactor = 9.820466993363100
lambda = 0.291507620742718

[VISHNew]
T0 = 0.323363852339648
ViscousC = 0.218420878353811
VisBeta = 1.021497751634080

