[superMC]
which_mc_model = 1
sub_model = 7
finalFactor = 8.829906928756699
lambda = 0.154161809829248

[VISHNew]
T0 = 0.886632939948425
ViscousC = 0.106435998483783
VisBeta = 0.346990802440251

