[superMC]
which_mc_model = 1
sub_model = 7
finalFactor = 5.122140972715375
lambda = 0.129729361595558

[VISHNew]
T0 = 0.504998047302414
ViscousC = 0.252830731653851
VisBeta = 0.243247016249732

