[superMC]
which_mc_model = 1
sub_model = 7
finalFactor = 13.735735785750125
lambda = 0.102613071061779

[VISHNew]
T0 = 0.816499032540333
ViscousC = 0.040157207078813
VisBeta = 0.409943207285626

