[superMC]
which_mc_model = 1
sub_model = 7
finalFactor = 9.366644863862374
lambda = 0.233167337714422

[VISHNew]
T0 = 0.711534499475385
ViscousC = 0.177269127345014
VisBeta = 0.997438686428155

