[superMC]
which_mc_model = 1
sub_model = 7
finalFactor = 7.819759332056675
lambda = 0.148233150893354

[VISHNew]
T0 = 0.713734758450528
ViscousC = 0.072449670260314
VisBeta = 0.965209871993662

