[superMC]
which_mc_model = 1
sub_model = 7
finalFactor = 11.727064660847875
lambda = 0.251460828598530

[VISHNew]
T0 = 0.346411205447045
ViscousC = 0.128847777534225
VisBeta = 1.051358767745730

