[superMC]
which_mc_model = 1
sub_model = 7
finalFactor = 5.080533296583700
lambda = 0.208200437998396

[VISHNew]
T0 = 0.554845415197633
ViscousC = 0.005961610833321
VisBeta = 0.303431735722863

