[superMC]
which_mc_model = 1
sub_model = 7
finalFactor = 13.493860831184575
lambda = 0.136163793011526

[VISHNew]
T0 = 0.635692299192476
ViscousC = 0.174200482718253
VisBeta = 0.644940081849372

