[superMC]
which_mc_model = 1
sub_model = 7
finalFactor = 10.858168649210199
lambda = 0.257202682504622

[VISHNew]
T0 = 0.598987236619837
ViscousC = 0.207616683381622
VisBeta = 0.345991795137855

