[superMC]
which_mc_model = 1
sub_model = 7
finalFactor = 6.585531709527725
lambda = 0.268255624539657

[VISHNew]
T0 = 0.949002299970783
ViscousC = 0.000000132590522
VisBeta = 0.325305958645566

