[superMC]
which_mc_model = 1
sub_model = 7
finalFactor = 6.354672028376600
lambda = 0.179144562435498

[VISHNew]
T0 = 0.777170406979168
ViscousC = 0.084473766026412
VisBeta = 0.499108731922657

