[superMC]
which_mc_model = 1
sub_model = 7
finalFactor = 14.189399652759651
lambda = 0.226947169359500

[VISHNew]
T0 = 0.342127951707199
ViscousC = 0.137578180904093
VisBeta = 0.332540453434806

