[superMC]
sub_model = 1
which_mc_model = 5
finalFactor = 33.9696499431145
alpha = 0.289568943689892

[VISHNew]
T0 = 0.539709659404574
ViscousC = 0.231505287297958
VisBeta = 0.6276447665147

