[superMC]
which_mc_model = 5
sub_model = 1
finalFactor = 25.
alpha = 0.260319530674571

[VISHNew]
T0 = 0.949002299970783
ViscousC = 1.3259052226084e-07
VisBeta = 0.325305958645566
