[superMC]
which_mc_model = 5
sub_model = 1
finalFactor = 46.8597919386907
alpha = 0.217000114543898

[VISHNew]
T0 = 0.325850819043137
ViscousC = 0.173038779001906
VisBeta = 0.425393052053769

