[superMC]
which_mc_model = 5
sub_model = 1
finalFactor = 51.6095959130735
alpha = 0.231092016849102

[VISHNew]
T0 = 0.559605786027062
ViscousC = 0.178227957089031
VisBeta = 0.931509180906511

