[superMC]
which_mc_model = 5
sub_model = 1
finalFactor = 29.4664004277439
alpha = 0.240414083773834

[VISHNew]
T0 = 0.809895408300725
ViscousC = 0.181881849128715
VisBeta = 0.670778092938905

