[superMC]
which_mc_model = 5
sub_model = 1
finalFactor = 35.7909825273471
alpha = 0.0631179529364532

[VISHNew]
T0 = 0.200000015264486
ViscousC = 0.0939412448046096
VisBeta = 0.927844439084569

