[superMC]
which_mc_model = 5
sub_model = 1
finalFactor = 48.8027555050299
alpha = 0.153799045313331

[VISHNew]
T0 = 0.708769757629761
ViscousC = 0.260419867678203
VisBeta = 0.895543058007669

