[superMC]
which_mc_model = 5
sub_model = 1
finalFactor = 52.0432822441583
alpha = 0.0780490443513536

[VISHNew]
T0 = 0.607626827142258
ViscousC = 0.112801353096838
VisBeta = 1.00362885318923

